Heit(km)	Oden(m-3)	O2den(m-3)	Nden(m-3)	N2den(m-3)	Air(m-3)	T(eV)	Q_O(s-1)	Q_O2(s-1)	Q_N(s-1)	Q_N2(s-1)
0.0	0.0	5.499e+24	0.0	2.05e+25	1.261	0.024503625000000005	0.0	4.35865551119908e+28	0.0	1.624885215122407e+29
10.0	0.0	1.804e+24	0.0	6.723e+24	0.4137	0.01937175	0.0	1.4287779393593674e+28	0.0	5.3246530411934735e+28
20.0	0.0	3.954e+23	0.0	1.474e+24	0.09068000000000001	0.018742125000000002	0.0	3.1291384423750403e+27	0.0	1.166502292377544e+28
30.0	0.0	8.187e+22	0.0	3.052e+23	0.018779999999999998	0.01913025	0.0	6.474009696688174e+26	0.0	2.413420983790437e+27
40.0	0.0	1.721e+22	0.0	6.415e+22	0.003947	0.021286500000000003	0.0	1.3598480966144103e+26	0.0	5.0688120510060676e+26
50.0	0.0	4.404e+21	0.0	1.642e+22	0.00101	0.022304250000000005	0.0	3.4771092666662706e+25	0.0	1.2964153986980053e+26
60.0	0.0	1.236e+21	0.0	4.606e+21	0.0002834	0.020846625	0.0	9.751053212644881e+24	0.0	3.633766270019605e+25
70.0	0.0	3.119e+20	0.0	1.187e+21	7.268e-05	0.018957750000000002	0.0	2.4587308093520817e+24	0.0	9.357208947421997e+24
80.0	2269000000000000.0	6.683e+19	53390000000.0	2.619e+20	1.593e-05	0.01761225	1.7872824081581588e+19	5.264172910410302e+23	420550937732763.8	2.0629760365651027e+24
90.0	1.877e+17	1.255e+19	113300000000.0	5.225e+19	3.1409999999999997e-06	0.016810125000000002	1.4773607470012818e+21	9.87793147302402e+22	891768634178184.5	4.11252525470522e+23
100.0	3.699e+17	1.981e+18	228100000000.0	9.475e+18	5.618e-07	0.016258125000000002	2.909180937169979e+21	1.5580122834641063e+22	1793955587370836.0	7.451876015054219e+22
110.0	1.673e+17	2.485e+17	430500000000.0	1.539e+18	8.991e-08	0.021597	1.314761505974598e+21	1.952888429376495e+21	3383172912863505.0	1.2094548462013784e+22
120.0	6.715e+16	4.23e+16	917800000000.0	3.548e+17	2.063e-08	0.03299925000000001	5.2730539016705455e+20	3.3216705888408646e+20	7207161386378595.0	2.7861199170703044e+21
130.0	3.422e+16	1.17e+16	2093000000000.0	1.293e+17	7.566000000000001e-09	0.044617125	2.6851086833181947e+20	9.180529396499964e+19	1.6422947031516602e+16	1.014566197408073e+21
140.0	2.093e+16	4485000000000000.0	4339000000000.0	6.169e+16	3.6719999999999997e-09	0.05356987500000001	1.6410328553255918e+20	3.5164989756976964e+19	3.4020265452736468e+16	4.8368522142874226e+20
150.0	1.414e+16	2095000000000000.0	7515000000000.0	3.386e+16	2.0650000000000002e-09	0.06056475000000001	1.1078071242503712e+20	1.641340824119185e+19	5.887673648332064e+16	2.652782830772105e+20
160.0	1.016e+16	1111000000000000.0	10850000000000.0	2.022e+16	1.2709999999999999e-09	0.06602437500000001	7.953818187966593e+19	8.697531502786304e+18	8.493988911361962e+16	1.58293507638469e+20
170.0	7608000000000000.0	639800000000000.0	13420000000000.0	1.277e+16	8.31e-10	0.07029375	5.951414132160277e+19	5.004882704726794e+18	1.049789401335317e+17	9.98942671762444e+19
180.0	5861000000000000.0	388900000000000.0	14690000000000.0	8376000000000000.0	5.667e-10	0.07364025	4.581309300535773e+19	3.039875766897052e+18	1.148258550159879e+17	6.547184217929984e+19
190.0	4608000000000000.0	245400000000000.0	14700000000000.0	5649000000000000.0	3.9879999999999996e-10	0.076253625	3.599142922364956e+19	1.916731061519879e+18	1.148164083306529e+17	4.412230548706519e+19
200.0	3678000000000000.0	159000000000000.0	13800000000000.0	3888000000000000.0	2.874e-10	0.07830637500000001	2.8705663018210685e+19	1.240946280558863e+18	1.0770477152020322e+17	3.0344648671778992e+19
210.0	2969000000000000.0	105000000000000.0	12420000000000.0	2717000000000000.0	2.112e-10	0.07991925000000001	2.315452056344066e+19	8.188698750964195e+17	9.686060808283362e+16	2.1189232863209255e+19
220.0	2418000000000000.0	70430000000000.0	10880000000000.0	1920000000000000.0	1.576e-10	0.08117850000000001	1.8843090387635487e+19	5.4884981637765395e+17	8.47861139030083e+16	1.4962255394648525e+19
230.0	1983000000000000.0	47760000000000.0	9367000000000.0	1370000000000000.0	1.192e-10	0.08217037500000002	1.5441492988933186e+19	3.719040368892834e+17	7.29402243203919e+16	1.0668101560685056e+19
240.0	1635000000000000.0	32680000000000.0	7989000000000.0	984400000000000.0	9.118e-11	0.08295525000000001	1.272200521901867e+19	2.5428448352142515e+17	6.216275210687471e+16	7.659658677432403e+18
250.0	1353000000000000.0	22510000000000.0	6781000000000.0	711400000000000.0	7.044e-11	0.083567625	1.0519796629109557e+19	1.7501893726626467e+17	5.272338576643895e+16	5.531251531373643e+18
260.0	1124000000000000.0	15600000000000.0	5744000000000.0	516500000000000.0	5.489e-11	0.084050625	8.732690918538972e+18	1.2120104833559427e+17	4.462684754100343e+16	4.0128424016240026e+18
270.0	936400000000000.0	10860000000000.0	4866000000000.0	376400000000000.0	4.311e-11	0.08443012500000001	7.269690264030494e+18	8.431101694507814e+16	3.777692527207645e+16	2.9221608451314376e+18
280.0	781700000000000.0	7588000000000.0	4126000000000.0	275200000000000.0	3.4100000000000004e-11	0.084732	6.064120624135056e+18	5.886471446326827e+16	3.200788242955257e+16	2.1348931761058816e+18
290.0	653700000000000.0	5319000000000.0	3503000000000.0	201700000000000.0	2.715e-11	0.08496487500000001	5.067338456204572e+18	4.123171676388575e+16	2.71544846444617e+16	1.5635339859514488e+18
300.0	547600000000000.0	3738000000000.0	2981000000000.0	148200000000000.0	2.174e-11	0.08515462500000001	4.241691360766363e+18	2.8954423496246652e+16	2.309072671008862e+16	1.1479522638158784e+18
310.0	459300000000000.0	2633000000000.0	2540000000000.0	109100000000000.0	1.751e-11	0.08530125000000001	3.5550585385159905e+18	2.037985876749968e+16	1.9660023269824984e+16	8.444521806054747e+17
320.0	385700000000000.0	1859000000000.0	2169000000000.0	80440000000000.0	1.417e-11	0.085413375	2.9831502118644787e+18	1.437821167709636e+16	1.6775869353212482e+16	6.221534950541318e+17
330.0	324200000000000.0	1315000000000.0	1854000000000.0	59410000000000.0	1.152e-11	0.08550825000000001	2.505613909579965e+18	1.0163116258783634e+16	1.4328834634056924e+16	4.5915645394246054e+17
340.0	272800000000000.0	931400000000.0	1588000000000.0	43940000000000.0	9.408e-12	0.08557725000000001	2.1067919392787308e+18	7193057229634200.0	1.226387683128528e+16	3.393417808354378e+17
350.0	229700000000000.0	660800000000.0	1362000000000.0	32540000000000.0	7.713e-12	0.08563762500000001	1.7726169624416084e+18	5099457069139812.0	1.0510684818656816e+16	2.511143054325204e+17
360.0	193600000000000.0	469400000000.0	1169000000000.0	24130000000000.0	6.346e-12	0.08568075000000001	1.492919404884249e+18	3619712647999310.5	9014580497467392.0	1.8607513037116182e+17
370.0	163200000000000.0	333900000000.0	1005000000000.0	17910000000000.0	5.239e-12	0.085723875	1.2575600963157573e+18	2572912476469555.0	7744166034297403.0	1.3800797380524029e+17
380.0	137700000000000.0	237900000000.0	864600000000.0	13310000000000.0	4.3379999999999995e-12	0.08574975000000001	1.060280064888518e+18	1831812835417418.0	6657357618755357.0	1.024860396780405e+17
390.0	116300000000000.0	169600000000.0	744500000000.0	9901000000000.0	3.6030000000000003e-12	0.08577562500000001	8.948390105117947e+17	1304941497702496.8	5728354628770689.0	7.618057646670059e+16
400.0	98260000000000.0	121100000000.0	641700000000.0	7373000000000.0	2.9999999999999997e-12	0.08579287500000002	7.554765138649097e+17	931082900763694.0	4933739863088872.0	5.668764845029493e+16
410.0	83060000000000.0	86550000000.0	553400000000.0	5495000000000.0	2.5040000000000002e-12	0.0858015	6.381394915891538e+17	664952720889011.1	4251702319352729.5	4.221739111825669e+16
420.0	70260000000000.0	61920000000.0	477600000000.0	4100000000000.0	2.095e-12	0.08581875000000001	5.3940106608284595e+17	475373100083259.6	3666637477386382.5	3.147657800938896e+16
430.0	59460000000000.0	44350000000.0	412400000000.0	3062000000000.0	1.7569999999999999e-12	0.08582737500000001	4.5615137746663206e+17	340233999169948.44	3163754256092147.5	2.34903383417899e+16
440.0	50340000000000.0	31800000000.0	356400000000.0	2288000000000.0	1.476e-12	0.08583600000000001	3.859030378776148e+17	243776650864285.88	2732138313460109.5	1.7539653370361198e+16
450.0	42650000000000.0	22820000000.0	308100000000.0	1712000000000.0	1.2420000000000002e-12	0.08583600000000001	3.267122287659584e+17	174808278087671.06	2360141563488670.0	1.311445101166051e+16
460.0	36150000000000.0	16400000000.0	266200000000.0	1282000000000.0	1.048e-12	0.08584462500000001	2.7671741496559552e+17	125537084521044.72	2037681213384274.5	9813325753413374.0
470.0	30650000000000.0	11790000000.0	230500000000.0	960600000000.0	8.848e-13	0.08584462500000001	2.3444499738370534e+17	90182920690175.73	1763118169557718.8	7347728041983274.0
480.0	26010000000000.0	8489000000.0	199600000000.0	720500000000.0	7.486e-13	0.08585325	1.9880788658738634e+17	64885818886594.484	1525646065468754.8	5507154259369929.0
490.0	22080000000000.0	6117000000.0	172900000000.0	540900000000.0	6.344e-13	0.08585325	1.6864580911764336e+17	46721304998760.17	1320600561432995.5	4131364046727051.5
500.0	18750000000000.0	4412000000.0	149900000000.0	406400000000.0	5.384e-13	0.08585325	1.4310718720793755e+17	33674075197942.426	1144094259331724.8	3101800580336310.5
510.0	15930000000000.0	3185000000.0	130000000000.0	305600000000.0	4.577000000000001e-13	0.08585325	1.2149547375290102e+17	24291467916069.664	991488486370190.4	2330760626421001.5
520.0	13540000000000.0	2302000000.0	112800000000.0	230000000000.0	3.8960000000000003e-13	0.085861875	1.0319237204738696e+17	17544227507613.352	859682390468629.9	1752898491203766.5
530.0	11520000000000.0	1665000000.0	97860000000.0	173200000000.0	3.322e-13	0.085861875	8.773370617955222e+16	12680262221263.408	745279556139842.1	1319051901935629.0
540.0	9801000000000.0	1206000000.0	84970000000.0	130600000000.0	2.837e-13	0.085861875	7.458816238647408e+16	9177974067757.143	646643827974564.1	993900010985972.4
550.0	8343000000000.0	873700000.0	73810000000.0	98530000000.0	2.426e-13	0.085861875	6.344651009342186e+16	6644278541127.014	561307312716704.7	749296972252769.5
560.0	7106000000000.0	633800000.0	64130000000.0	74400000000.0	2.0779999999999998e-13	0.085861875	5.4000418799081464e+16	4816417877126.067	487341240864775.44	565385752695139.5
570.0	6055000000000.0	460200000.0	55750000000.0	56230000000.0	1.783e-13	0.085861875	4.598042216664043e+16	3494663960543.01	423354010865434.2	426999031945531.2
580.0	5162000000000.0	334400000.0	48490000000.0	42520000000.0	1.533e-13	0.085861875	3.9170953209832744e+16	2537537147107.3364	367958062988142.2	322655740116638.56
590.0	4402000000000.0	243200000.0	42180000000.0	32190000000.0	1.32e-13	0.085861875	3.3379817704714924e+16	1844155307993.3372	319845686230094.4	244092760544019.4
600.0	3756000000000.0	177100000.0	36710000000.0	24380000000.0	1.139e-13	0.085861875	2.846084149987344e+16	1341963532914.6929	278167596235451.0	184737836998646.03
610.0	3207000000000.0	129100000.0	31970000000.0	18490000000.0	9.843e-14	0.085861875	2.4283416611360864e+16	977545707679.042	242076965720363.84	140006352710964.27
620.0	2739000000000.0	94130000.0	27850000000.0	14030000000.0	8.526000000000001e-14	0.085861875	2.0724878183192164e+16	712242710253.3328	210729411245674.25	106159197119454.56
630.0	2340000000000.0	68720000.0	24260000000.0	10650000000.0	7.401e-14	0.085861875	1.7693158968531152e+16	519604224067.2909	183434203665199.03	80526556843955.88
640.0	2000000000000.0	50220000.0	21150000000.0	8094000000.0	6.438999999999999e-14	0.085861875	1.511156796788247e+16	379451471673.5289	159804831260357.12	61156515566020.36
650.0	1711000000000.0	36730000.0	18450000000.0	6155000000.0	5.615e-14	0.085861875	1.2918735175976344e+16	277326208657.86743	139304888367483.08	46472714791428.64
660.0	1464000000000.0	26880000.0	16090000000.0	4685000000.0	4.909e-14	0.085861875	1.1045921598240718e+16	202810363770.97714	121399507182850.52	35348458120053.12
670.0	1253000000000.0	19700000.0	14050000000.0	3569000000.0	4.303e-14	0.085861875	9447203784538096.0	148531456149.56143	105932332939154.22	26909074466892.63
680.0	1073000000000.0	14440000.0	12260000000.0	2720000000.0	3.782e-14	0.085861875	8084323906256886.0	108795561236.11317	92370746589663.95	20493346714835.723
690.0	919000000000.0	10600000.0	10710000000.0	2075000000.0	3.334e-14	0.085861875	6919133387007037.0	79807196846.87115	80635384738678.31	15622635231816.76
700.0	787700000000.0	7788000.0	9359000000.0	1584000000.0	2.948e-14	0.085861875	5926382533846623.0	58594220101.05053	70413881089590.64	11917468495128.92
710.0	675400000000.0	5726000.0	8181000000.0	1211000000.0	2.615e-14	0.085861875	5077886268844748.0	43050010031.69237	61507532670149.37	9104708723084.082
720.0	579400000000.0	4214000.0	7153000000.0	925700000.0	2.327e-14	0.085861875	4353052604519625.0	31659930402.90939	53740740904606.28	6954816700041.106
730.0	497200000000.0	3103000.0	6258000000.0	708300000.0	2.077e-14	0.085861875	3732849562284541.0	23296524923.10726	46983452455303.01	5317734000334.151
740.0	426900000000.0	2288000.0	5476000000.0	542400000.0	1.861e-14	0.085861875	3202800566039475.5	17165630581.162615	41083475988831.5	4069334802107.781
750.0	366700000000.0	1688000.0	4794000000.0	415700000.0	1.672e-14	0.085861875	2749219750853530.0	12655257538.698551	35941531185142.69	3116582084619.069
760.0	315100000000.0	1246000.0	4198000000.0	318800000.0	1.508e-14	0.085861875	2360707503298329.5	9334946204.727764	31451126940166.254	2388427648529.062
770.0	270900000000.0	921000.0	3678000000.0	244700000.0	1.365e-14	0.085861875	2028142385360090.5	6895234909.25302	27536019539883.4	1831991294564.8362
780.0	233000000000.0	681300.0	3223000000.0	188000000.0	1.24e-14	0.085861875	1743176820226056.8	5097108873.905633	24112699105530.39	1406511769109.4365
790.0	200500000000.0	504299.99999999994	2826000000.0	144500000.0	1.13e-14	0.085861875	1498981965988097.5	3770257383.7795386	21127795690186.35	1080313686210.8733
800.0	172500000000.0	373700.0	2479000000.0	111100000.0	1.034e-14	0.085861875	1288748176303146.5	2791914165.1274543	18520618719162.32	830028535578.4324
810.0	148600000000.0	277100.0	2175000000.0	85540000.0	9.489e-15	0.085861875	1109417799586340.4	2068773030.0496292	16238113823016.758	638624485710.7372
820.0	128000000000.0	205600.0	1909000000.0	65900000.00000001	8.738e-15	0.085861875	954957549901589.8	1533900564.5294285	14242296584079.178	491653926082.14667
830.0	110300000000.0	152700.0	1676000000.0	50800000.0	8.072e-15	0.085861875	822333165957286.0	1138443104.6389627	12495289085624.764	378735492571.4427
840.0	95110000000.0	113500.0	1472000000.0	39190000.0	7.481e-15	0.085861875	708593381345036.1	845603498.9239995	10966769607190.549	291975340289.2647
850.0	82040000000.0	84480.0	1293000000.0	30250000.0	6.954e-15	0.085861875	610795171328784.8	628961190.5638193	9626501176598.229	225213967975.32593
860.0	70790000000.0	62900.0	1137000000.0	23370000.0	6.482e-15	0.085861875	526673304511105.1	467972183.27092123	8459211007615.857	173871381924.34705
870.0	61110000000.0	46870.0	999500000.0	18070000.0	6.06e-15	0.085861875	454340595343788.4	348469050.9534178	7431082065883.104	134346826343.67952
880.0	52780000000.0	34960.0	879100000.0	13980000.0	5.68e-15	0.085861875	392137995710693.6	259741271.88415784	6531423115370.799	103866790072.66953
890.0	45600000000.0	26090.0	773500000.0	10820000.0	5.336e-15	0.085861875	338559554437364.0	193706552.08927253	5742890687660.111	80333648662.54997
900.0	39410000000.0	19490.0	680900000.0	8385999.999999999	5.026e-15	0.085861875	292400271532529.75	144604955.39632085	5051899134394.811	62219453871.39797
910.0	34070000000.0	14570.0	599500000.0	6501000.0	4.743e-15	0.085861875	252606770206967.34	108027022.06972452	4444900461962.927	48200663725.13926
920.0	29470000000.0	10900.0	528100000.0	5044000.0	4.486e-15	0.085861875	218350863550316.03	80760923.40340836	3912829692599.996	37372302536.402916
930.0	25510000000.0	8165.0	465300000.0	3916000.0	4.251e-15	0.085861875	188880694394817.62	60455149.73475837	3445166095723.5845	28994778488.832058
940.0	22080000000.0	6119.0	410100000.0	3043000.0	4.0349999999999995e-15	0.085861875	163372487909517.84	45275192.64122915	3034377594732.485	22515510901.660454
950.0	19120000000.0	4589.0	361600000.0	2365000.0	3.837e-15	0.085861875	141374437367522.72	33931343.78031181	2673692288289.5513	17486953157.645985
960.0	16570000000.0	3445.0	319000000.0	1840000.0	3.654e-15	0.085861875	122435980420384.12	25455157.063863806	2357095821007.9985	13595787807.695038
970.0	14360000000.0	2587.0	281400000.0	1433000.0	3.4840000000000002e-15	0.085861875	106033952919157.56	19102356.28146662	2077851974335.0237	10581243351.890863
980.0	12450000000.0	1945.0	248400000.0	1116000.0	3.3270000000000002e-15	0.085861875	91867992027602.7	14352067.830818253	1832932467442.29	8234913984.161014
990.0	10800000000.0	1463.0	219300000.0	870100.0	3.18e-15	0.085861875	79638558500264.19	10788075.100545045	1617105173991.4753	6416065717.69258
1000.0	9369000000.0	1102.0	193700000.0	678800.0	3.043e-15	0.085861875	69039563542103.34	8120567.725840312	1427362947817.848	5002033913.158261
